376315645341
277607476040
376308122368
376435223925
277165960121
277607476681
376435238165
376283277227
277607132610
277141009267
376495982821
277141011758
376809382828
376435263317
376585518746
375837991239
376150295396
276766695537
276813712238
276891007642
276766704497
276754931720
373034282979
373034263479
373022757193
277433608177
277433607731
276739174326
372125049112
373021542754
375837978721
373026921193
373026787629
373023631512
372132790169
376609942603
276766703165
277361437490
375837984238
372125004693
272913082765
372964293356
277052268711
277222834248
374830317110
276676613464
275962909814
374817438206
374819426448
376223155414
372125049080
275958373519
274718532127
374817313507
375700483456
374811374550
373501812749
373850652830
275990118707
376467684270
372125049087
374825834919
374843204646
275425045234
372125000978
275788752002
374819423924
374823818098
374274903442
276781663239
376113107013
277401531897
275958341334
374854776644
374823596537
376224194322
372210623231
374817477314
374817461443
275958206692
275955069990
275953474898
273071738339
373492446647
375700440710
376225580685
274725492871
273846893341
374624916432
275103947424
375700949124
273794651884
272913136874
375626776958
275766819801
375615413327
275185326717
275704089412
276967916341
375652784712
375120879253
374607643001
274037904400
374856744536
372125049098
275598156511
376144687070
372125004523
275479628920
374831730734
276181384978
373793708211
376717464579
273956222923
276815915673
376864866805
277329961930
275049326193
276998385077
376120094730
375603694326
375563640789
375563643406
376331770652
275226105688
376181700181
277272717425
277272716788
276653204662
277385925984
276459598767
375415753578
273620449034
375465728714
375432645587
375415752248
276454992094
276497229764
375470349973
375410745600
375466098622
276493552228
272966495063
272966495020
372156093333
372156093289
372125035863
372125005435
376748912533
373778035588
276446649031
276446537167
375400146573
276657836853
274994770339
276613473492
272966495104
272913085777
376748935853
276658005207
272913123815
375433732085
276468476791
375466074494
276446485629
276659585185
375673460714
375671152629
276656335412
277386131784
376555184820
375403535886
273620020449
277403845786
376558035272
376558033223
376557926285
276498524047
277575098771
376545734754
376400903754
372125002967
375675494910
275958338001
274348860936
275904171085
273700023620
376874687550
372653460179
376223126775
376223100458
272921718129
275705115546
374823857101
374528477618
375728929812
274345274624
373034229651
376331778225
376331777211
275306083634
374135020513
277208085771
276445275993
375642647228
276657965881
375673554509
372156093443
272966495026
272966494985
372125035842
376748977279
277551232773
372156093327
372156093290
276470565791
375430402763
375430398590
376353166663
376357467684
375419420100
375415859494
375472179687
376353124480
277265514651
276493573403
272913085718
276446370583
374104119297
375673679251
375673651327
375673463444
375430405853
276951338002
276951337316
276951322967
276951308201
376609996883
276951311069
277500020528
376231057530
277073317804
277073061722
376208090464
277073013612
376233859608
376233857375
277097456372
277097379769
376233680879
277097308132
376233609563
277097296514
277097267254
376232720862
277095232047
376231191615
376231190298
277095229099
277095227467
277095219276
277095164450
277095160983
376231104940
277073290076
276970300683
276970279463
277104078107
376588192605
376778328394
277361536351
376525440589
376525432001
376530607610
277366386416
277577856345
277383128055
277416888800
277416893993
277416895845
277416901001
376847275537
376778333459
277655812897
376778363443
275963814993
277366476764
376350457343
277615903516
376585493084
376283332690
277412753933
277412756171
277366461513
376585509656
376778326325
277315888456
376585512078
277135011765
277412768518
277412768191
376585515262
277412770725
277366360621
277247920128
376585408978
376328925907
277191105867
277366378739
277191123351
376530608352
277366374263
376530600082
376530614810
376530615643
277412747538
376585459911
277616542141
275648683685
277412728023
376530638097
376585461208
376530642116
376467776054
277313721297
376530638679
277366394481
277315906396
277169928982
376585476623
277366418613
376585489108
277412753642
277412752507
277412754676
376585492282
376288734926
274110181060
